100 500 100
42 79 402
37 89 575
32 58 227
61 82 910
49 92 377
42 46 55
49 71 337
7 41 35
2 92 420
49 89 889
28 34 846
21 49 904
20 83 252
61 78 261
60 76 684
2 75 933
51 85 300
54 61 869
44 66 128
60 94 866
43 99 56
55 78 601
15 57 714
2 77 20
56 57 326
58 78 879
38 76 77
37 65 47
40 98 794
14 71 383
27 61 153
31 44 81
77 82 440
6 73 531
19 24 532
15 74 696
28 95 199
30 71 848
65 85 440
37 71 279
3 59 991
16 48 229
6 9 849
46 48 235
33 59 848
34 69 10
3 78 607
76 85 744
75 78 271
43 98 848
27 98 186
83 88 822
71 81 212
56 88 500
41 45 710
29 58 941
50 67 216
5 49 853
35 83 350
1 7 641
15 29 166
41 92 849
0 43 887
12 79 298
37 64 919
45 95 402
39 75 392
63 72 551
45 71 725
15 72 859
53 61 356
5 85 826
31 63 832
5 79 222
39 41 414
39 76 919
26 78 997
11 17 991
37 48 945
78 95 705
36 49 795
95 98 305
19 41 265
33 81 771
33 46 639
56 90 943
20 29 962
23 91 74
18 67 288
7 9 708
63 75 104
20 31 594
65 66 310
9 34 813
17 72 485
46 89 505
3 68 532
38 39 13
13 60 6
23 25 406
47 93 891
76 95 547
53 93 397
12 71 887
24 60 331
0 23 231
62 91 70
22 37 952
42 48 568
56 89 355
5 74 289
14 69 116
16 78 620
19 66 528
72 95 286
11 60 278
10 44 898
62 74 871
24 96 552
25 91 417
29 40 667
43 73 712
20 74 296
33 93 47
91 98 163
16 28 684
84 97 533
0 85 636
29 38 312
17 37 652
31 33 150
56 77 969
2 78 519
5 31 211
20 65 939
5 76 499
46 58 553
66 95 352
7 73 959
37 55 51
19 47 447
41 64 960
1 43 984
30 48 384
43 48 349
49 78 401
3 15 234
0 33 190
64 89 336
9 47 248
6 12 738
6 74 580
6 72 812
25 62 559
27 80 539
82 95 400
67 87 209
7 60 52
52 57 4
1 88 779
4 69 561
31 76 654
6 43 739
11 84 254
10 56 845
54 75 281
4 6 167
16 33 569
24 54 667
53 71 90
21 92 977
12 33 461
83 98 736
42 92 454
64 83 663
59 71 62
31 99 382
28 70 874
26 76 309
32 55 553
7 32 506
68 83 871
23 37 189
3 8 934
24 48 882
64 98 636
51 74 977
56 87 265
12 89 85
66 90 849
6 91 603
31 91 706
10 49 317
15 54 336
3 58 352
72 81 20
12 86 578
15 33 136
37 62 2
15 49 906
42 96 921
17 18 212
27 46 741
22 70 808
83 99 589
36 45 158
86 93 786
36 99 660
47 48 307
0 30 989
77 94 668
18 71 907
23 52 793
16 20 372
16 38 961
58 92 106
45 56 749
0 35 589
2 74 976
42 81 507
5 96 48
43 86 990
75 93 483
22 41 149
37 52 710
74 93 799
38 40 882
31 60 294
5 10 445
8 14 802
73 97 535
41 59 351
19 54 48
18 84 741
67 68 1000
50 52 905
9 85 297
7 68 27
48 85 332
37 99 549
24 26 689
58 99 455
30 42 473
44 80 588
14 86 543
46 79 627
19 51 322
47 60 815
15 53 770
36 98 408
79 80 869
55 69 757
44 89 94
52 59 748
28 91 748
23 85 142
69 78 145
12 26 127
29 86 221
22 30 963
40 52 736
61 97 952
11 45 653
80 88 56
9 67 954
19 26 127
12 27 178
12 75 942
4 74 244
13 87 58
3 31 930
49 85 38
38 46 336
29 89 199
28 37 412
49 95 784
32 36 582
30 80 684
51 83 619
56 62 193
67 94 264
25 66 635
27 30 984
48 75 255
36 55 159
49 70 255
35 41 690
89 93 304
11 51 146
35 59 461
89 90 562
18 46 924
30 44 412
38 62 14
60 71 304
44 48 882
56 71 223
16 56 448
12 31 277
21 43 631
29 46 902
25 45 106
37 50 300
12 42 49
70 81 764
14 22 100
28 87 35
12 37 330
39 53 122
8 29 184
27 29 496
47 83 223
45 70 269
36 90 287
30 62 13
68 86 287
14 41 842
65 74 466
54 60 166
67 98 609
24 78 512
22 93 385
42 99 908
11 49 167
2 53 494
62 86 77
92 93 322
54 74 904
53 86 177
13 20 312
58 66 557
46 71 269
19 60 830
51 99 635
69 81 976
80 90 697
78 84 565
27 69 967
2 4 997
41 55 28
36 97 876
13 98 290
69 89 196
1 30 536
18 69 168
54 88 831
37 39 496
4 41 115
49 58 982
12 35 857
38 95 243
69 97 295
57 68 9
2 21 974
14 38 446
3 73 200
63 84 381
45 86 54
59 97 698
65 78 740
42 98 363
2 49 226
37 95 693
47 63 202
7 43 400
22 62 314
0 86 358
15 64 279
44 74 554
91 95 277
29 33 328
61 77 813
29 54 649
30 91 215
19 77 127
70 74 25
14 66 77
41 79 368
60 99 802
49 57 13
7 25 276
6 45 553
12 64 741
33 95 234
56 63 374
55 92 988
74 85 892
18 44 419
20 23 828
51 64 671
24 75 611
30 47 349
62 68 420
24 64 503
14 61 369
29 62 844
52 70 335
40 46 467
45 82 511
68 75 563
34 91 946
22 82 571
5 48 222
0 74 980
43 91 955
3 87 680
47 53 970
46 74 804
34 60 485
11 35 553
2 80 129
37 93 236
7 44 272
31 39 891
32 45 377
88 94 792
4 60 206
33 60 314
11 30 830
2 54 708
58 91 484
9 32 813
12 55 133
76 86 894
50 66 49
7 45 275
40 60 323
15 71 697
9 64 846
30 87 192
13 21 780
78 93 175
22 67 586
5 45 949
66 99 276
38 77 818
29 68 951
6 19 765
48 97 994
38 52 879
14 45 765
27 95 564
57 66 310
36 86 805
42 60 739
22 34 69
59 64 603
3 5 158
19 27 991
21 50 800
50 61 756
24 51 42
26 98 694
24 43 879
26 75 844
24 73 696
46 51 267
54 70 794
9 74 398
20 77 244
14 73 211
59 98 79
4 20 92
9 14 510
16 68 553
50 53 569
9 56 953
62 81 789
47 96 987
20 33 24
13 54 569
32 46 222
26 40 118
25 92 768
2 67 674
56 94 859
60 75 932
38 79 597
1 12 61
18 35 495
38 87 692
0 40 198
45 73 431
57 99 977
29 42 328
85 92 321
12 87 843
10 13 548
5 24 657
49 75 143
2 11 547
71 88 206
24 36 10
15 63 313
4 9 110
9 39 344
74 89 988
39 72 150
4 82 907
13 58 422
49 70
71 85
42 85
26 31
5 39
19 54
42 77
31 38
31 88
33 63
57 90
1 11
0 36
9 17
61 63
47 59
5 18
33 77
22 39
12 43
59 84
62 66
41 96
69 96
15 96
25 50
47 87
22 40
9 70
5 23
48 84
65 95
31 67
28 72
20 42
21 75
30 99
82 95
51 94
58 91
44 61
51 83
24 91
30 45
15 84
6 31
15 25
17 57
10 15
55 56
18 41
54 57
42 68
3 92
45 85
42 80
20 47
12 38
23 83
2 14
25 90
12 50
79 81
0 4
20 49
32 50
23 25
31 42
53 91
6 56
16 22
17 23
31 69
32 93
36 70
28 48
22 57
44 72
27 89
20 56
9 30
40 60
20 61
33 99
69 92
58 60
62 73
41 61
33 92
47 48
26 80
64 67
32 86
33 67
4 9
46 53
35 60
59 93
36 67
43 44
